 , ,
Direct Debit,All Day,6-30am to 10-00pm
£35,Per Month,Flexible Contract
Direct Debit,Off Peak,6-30am to 4-00pm
£30,Per Month,Flexible Contract
Advance Payment,All Day, 6-30am to 10-00pm
12 months,6 months,3 months
£350,£185,£110
Advance Payment,Off Peak,6-30am to 4-00pm
12 months, 6 months,3 months
£300,£160,£100
Students with ID,All Day,6-30am to 10-00pm
12 months,6 months,3 months
£285,£150,£90